Depth: 8

0*
1*
2024
20 24
2* 0 2 4*
4048 1 4048 8096
40 48 2024 40 48 80 96
4 0 4 8 20 24 4 0 4 8 8 0 9 6
8096 1 8096 16192 2 0 2 4 8096 1 8096 16192 16192 1 18216 12144  
80 96 2024 80 96 32772608 4048 1 4048 8096 80 96 2024 80 96 32772608 32772608 2024 36869184 24579456

      8*                      9*                  6*
      16192                   18216               12144
      32772608                36869184            24579456
      3277 2608               3686 9184           2457 9456
      32 77 26 08             36 86 91 84         24 57 94 56
      3* 2      7* 7 2 6 0 8  3 6 8 5* 9 1 8 4    2 4 5 7 9 4 5 6
      6072      14168               10120
      60 72     28676032            20482880
      6 0 7 2   2867 6032           2048 2880
                28 67 60 32         20 48 28 80
                2 8 6 7 6 0 3 2     2 0 4 8 2 8 8 0

1 2 3 4 5 6 7 8 9 10 11 12
0: 1 1 2 4|4 7 14 16
1: 1 2 4|4 7 14 16 20
2: 1 2 4|4
3: 1 2 4|4
4: 1 2 4|4
5: 1 1 2 4 8|8
6: 1 1 2 4 8|8
7: 1 1 2 4 8|8
8: 1 1 2 4 8|8
9: 1 1 2 4 8|8

Initial arrangement: 125 17
After 1 blink: 253000 1 7
After 2 blinks: 253 0 2024 14168
After 3 blinks: 512072 1 20 24 28676032
After 4 blinks: 512 72 2024 2 0 2 4 2867 6032
After 5 blinks: 1036288 7 2 20 24 4048 1 4048 8096 28 67 60 32
After 6 blinks: 2097446912 14168 4048 2 0 2 4 40 48 2024 40 48 80 96 2 8 6 7 6 0 3 2

Initial arrangement: 125 17
1: 253000 1 7
2: 253 0
3: 512072
4: 512 72
5: 1036288 7 2
6: 2097446912
7: 20974 46912
8: 42451376 94949888
9: 4245 1376 9494 9888
10: 42 45 13 76 94 94 98 88

11 4 2 4 5 1 3 7 6 9 4 9 4 9 8 8 8

Depth 4 for 1 is 4
Depth 5 for 1 is 7
Depth 6 for 1 is 14
Depth 7 for 1 is 16
Depth 8 for 1 is 20
Depth 9 for 1 is 39
Depth 10 for 1 is 62

Depth 6 = 14
1: 1, 2, 4:
      2: 1, 2, [4]
      0: 1, 1, [2]
      2: 1, 2, [4]
      4: 1, 2, [4]

Depth 7 = 16
1: 1, 2, 4:
      2: 1, 2, 4
            4: [1]
            0: [1]
            4: [1]
            8: [1]
0: 1, 1, 2, [4]
      2: 1, 2, 4
            4: [1]
            0: [1]
            4: [1]
            8: [1]
4: 1, 2, 4
      8: [1]
      0: [1]
      9: [1]
      6: [1]

Depth 8 = 20
1: 1, 2, 4:
      2: 1, 2, 4
            4: 1, [2]
            0: 1, [1]
            4: 1, [2]
            8: 1, [1]
      0: 1, 1, 2, 4
            2: [1]
            0: [1]
            2: [1]
            4: [1]
      2: 1, 2, 4
            4: 1, [2]
            0: 1, [1]
            4: 1, [2]
            8: 1, [1]
      4: 1, 2, 4
            8: 1, [1]
            0: 1, [1]
            9: 1, [1]
            6: 1, [1]

Depth 9 = 39
1: 1, 2, 4:
      2: 1, 2, 4
            4: 1, 2, [4]
            0: 1, 1, [2]
            4: 1, 2, [4]
            8: 1, 1, [2]
      0: 1, 1, 2, 4
            2: 1, [2]
            0: 1, [1]
            2: 1, [2]
            4: 1, [2]
      2: 1, 2, 4
            4: 1, 2, [4]
            0: 1, 1, [2]
            4: 1, 2, [4]
            8: 1, 1, [2]
      4: 1, 2, 4
            8: 1, 1, [2]
            0: 1, 1, [2]
            9: 1, 1, [2]
            6: 1, 1, [2]

   1 2 3 4 5
0: 1 1 2 4| 2 0 2 4
1: 1 2 4| 2 0 2 4
2: 1 2 4| 4 0 4 8
3: 1 2 4| 6 0 7 2
4: 1 2 4| 8 0 9 6
5: 1 1 2 4 8| 2 0 4 8 2 8 8 0
6: 1 1 2 4 8| 2 4 5 7 9 4 5 6
7: 1 1 2 4 8| 2 8 6 7 6 0 3 2
8: 1 1 2 4 8| 3 2 7 7 2 6 0 8
9: 1 1 2 4 8| 3 6 8 5 9 1 8 4
